a: 0.880000
b: 0.880000
c: 0.000000
d: 0.000000
e: 0.000000
f: 0.000000
