a: 0.800000
b: 0.800000
c: 0.000000
d: 0.000000
e: 0.000000
f: 0.000000
